var mysql = require('../sqlTool')
var TSP = require('../lib/TSP.js')

var short_route = async function (req, res) {
    var D = [
        [0, 1120027, 719456, 918775, 524859, 1954036, 1802420],
        [1120027, 0, 404532, 326222, 726955, 900335, 844962],
        [719456, 404532, 0, 324768, 419456, 1250292, 1131731],
        [918775, 326222, 324768, 0, 444484, 1217957, 1170971],
        [524859, 726955, 419456, 444484, 0, 1623938, 1534242],
        [1954036, 900335, 1250292, 1217957, 1623938, 0, 275686],
        [1802420, 844962, 1131731, 1170971, 1534242, 275686, 0]
    ]
    var cities = req.body
}
module.exports = short_route